9918
4657
4532
627
4025
2128
3177
5253
8482
6972
3325
554
3013
2916
6319
7644
5856
7909
4844
669
2628
5282
361
684
8034
678
4625
4035
5908
1915
4466
5387
7966
1546
9454
3991
128
1532
1448
8760
817
7924
3653
3779
284
2733
5507
3000
6438
7424
4241
6596
1621
2433
6890
4945
9897
9596
2246
734
8332
293
9976
7386
3379
8779
7173
1118
5232
2949
2083
7793
1355
1622
392
3271
1010
5879
6765
4487
6680
6310
5028
6821
1498
9054
5205
537
611
5706
2275
2839
818
6626
1572
2044
2930
3501
2256
4829
7975
5639
3460
5023
6948
2084
13
225
9805
1749
3956
8942
7315
7876
4312
5244
6257
6363
2981
8492
3863
3642
5532
7760
9997
9502
8897
7968
5573
8309
494
9938
1215
1383
3386
8463
519
9892
6022
2685
6571
4585
4366
4626
1329
3060
7859
3228
6271
5011
7263
9626
1078
7542
3404
1977
1903
1023
2384
7425
6687
2
8762
9087
7059
5423
3334
3319
6615
9548
5183
5939
7609
2380
4365
6238
7612
334
2122
5131
9936
5252
139
8515
2613
5832
153
4450
1404
9834
1281
6058
2863
5123
8965
3385
8085
341
2014
9614
7922
7879
1340
5346
7963
7228
8883
1236
2442
9579
31
3894
7477
9758
5116
4473
9241
6479
7155
4003
9142
8829
873
5224
7629
9868
7539
8157
7109
7358
1093
9181
990
1757
9127
6319
2362
2105
1480
3152
1762
3871
5781
950
6625
3386
7439
2215
5277
2811
5484
7087
2208
4484
4255
755
828
9241
8092
3584
2146
6191
6124
108
5715
4042
1087
422
7238
8311
3119
2404
6752
8725
282
6816
896
6774
9016
9879
2561
3722
727
7436
4757
4742
6147
3096
6778
4941
542
2885
7395
4468
6620
4678
2270
5473
3144
3266
1684
7048
7846
427
4597
6344
3891
8624
6240
9721
7504
4167
6927
5865
3494
8518
5067
8307
6340
1783
3067
6034
687
8165
4823
7543
1789
3658
5696
3560
9551
927
3997
2047
4487
684
745
1284
4282
6223
7021
9329
7407
1524
7257
98
8900
3385
8377
825
1546
3456
8900
5874
5325
9440
7579
7829
6560
2787
1577
5750
2635
1600
6800
5266
2622
8309
5442
5013
9365
8272
1668
5061
1927
9054
6536
7489
9286
6191
472
3902
7041
1257
9266
8600
9372
9089
1173
8873
6854
4453
2052
2247
3598
1773
9393
8001
7661
1429
4712
2781
4025
8653
1697
8118
3869
2129
739
2936
1417
1073
4388
2620
4607
9485
8358
4649
3624
4503
328
1141
565
3172
5645
5128
1474
4462
5223
5157
5383
319
4042
5385
5103
9483
3445
336
9417
1548
9993
7447
2612
6346
118
1100
2797
7312
1733
9480
8959
1313
779
1081
1644
3490
8443
9680
9187
4906
6586
9813
6633
1324
5281
8098
4449
7516
1788
9084
2893
1509
798
632
6700
621
2177
2314
5147
8443
5521
4099
3952
6927
9721
3544
7100
1199
7207
1591
1643
2512
9828
7235
1194
373
3560
1970
6965
8311
2390
7857
9140
4738
1804
2738
568
1367
3392
3338
5613
8852
3393
460
2482
4494
4435
859
1623
2586
6159
2119
1553
1439
5728
3717
5971
5860
4532
645
5606
5122
6260
7750
5259
821
3114
6024
1854
7612
113
2657
1365
4591
763
157
7307
4500
690
3550
967
3329
1524
5273
9410
436
8053
6752
6872
9350
6765
1999
2956
1016
8342
996
2445
9868
5401
7999
1030
4697
3178
3137
8093
7997
9611
6921
1809
6110
3490
8443
1319
7969
9911
6999
4795
7422
6434
4467
1200
3638
8768
2323
2584
7975
8830
3375
4680
3711
2250
6453
5976
6276
2609
3763
2145
8429
4466
6684
3805
2872
557
6897
4009
9677
3805
1889
5211
5469
3289
5741
1315
2228
4608
3071
6653
3746
1925
7509
8136
939
9793
2050
5224
2503
1153
2569
2072
4074
3947
544
9506
5830
530
5710
2627
8769
1585
8219
6170
8476
2971
7328
5846
1800
598
7120
1781
7033
8862
850
9650
9588
9561
5959
3652
713
1140
554
1366
1104
4603
2457
7218
5591
3978
2894
8141
1941
3274
9247
1718
1213
5625
8249
2462
952
926
579
9160
7282
2984
2757
3474
7661
7306
2212
6993
9758
4738
8231
9471
43
6478
4778
4866
2761
3565
3355
3297
1385
6613
3143
5319
3819
1740
8203
5231
3654
1894
5547
4566
3571
1378
9533
4817
3581
3823
9253
2235
355
494
3153
9192
5608
2830
9688
2516
3418
862
3371
7682
1168
1799
7560
2848
6990
4878
4990
7115
5787
7878
8369
4343
221
9110
6286
3048
4261
7707
2959
5239
9956
5106
9373
262
2159
321
1123
1549
6609
59
2282
1262
6667
350
7570
6541
726
8124
939
5387
7785
3652
1284
607
5014
1966
1354
9750
106
6455
3276
6553
7355
3444
3976
8455
9938
8065
6761
9837
33
9244
1589
1288
80
7492
8218
741
9356
645
2241
6853
1943
958
2793
4108
426
8386
1886
8503
8584
3794
737
4738
7583
4349
6100
5377
2405
1579
3904
9454
2422
5054
4775
2805
6193
466
4831
3390
2578
8687
2423
4724
3764
2632
3700
6716
5006
5457
234
9859
3541
4814
8061
3367
6163
8469
8492
5260
1781
8481
3999
5085
2525
313
2094
701
5820
2477
8363
3762
8767
7415
1455
5654
4063
3629
8099
9429
3869
7487
978
2298
3203
4905
8732
8906
4750
3891
967
7697
9642
2229
1800
796
3960
5902
2268
8522
726
6551
5133
4397
3583
3483
4272
2678
4037
878
6361
4557
7561
230
1237
1641
5977
5975
4240
6729
2737
5391
4066
4969
3942
4544
4798
2821
1315
80
4271
9451
7528
3787
643
2443
381
7898
2714
4644
1219
1294
4125
4742
6191
8870
2939
5352
4509
267
1714
3108
2306
9066
2677
3455
6463
6461
3585
6306
8873
2063
341
2950
1013
6636
7713
5869
2437
7026
4341
9041
8654
580
4265
1142
685
3450
3278
2214
770
5660
7670
207
4724
646
5713
1752
3127
1875
7544
3660
192
2818
5949
7318
1180
7663
4111
8225
7372
355
3811
6630
1109
4391
1429
3617
5979
1812
6517
2204
3537
4598
4597
2810
2215
6712
9860
5417
3854
2769
3993
6078
1932
8086
5969
2549
7522
5874
5800
4001
7049
2356
6302
6138
1820
1270
2489
89
2629
5425
9284
1910
2260
950
512
6604
6728
4436
6450
2097
4345
7642
7356
7646
6161
2380
1715
6183
593
7645
4148
7561
165
8764
992
284
5770
4048
2614
6087
4364
7317
4749
9941
729
9102
2788
1503
5346
3525
7236
4979
6329
9611
7539
2701
9504
4371
9843
2381
5770
6514
3424
2489
2096
6266
6535
8809
4809
6819
3948
2708
3836
7364
7014
4197
218
8694
5924
1487
2519
8784
9674
9630
1032
4767
5643
2316
1569
3944
3003
1444
3617
938
5922
3158
4395
5846
2648
3639
660
1482
9958
1131
1160
353
1185
8867
8956
3011
695
3011
2704
9444
5347
4925
2547
5225
1097
1274
7554
9258
99
2372
1609
2832
5384
353
6506
1711
8285
1
6759
4245
2906
8749
2391
5005
9499
7591
2461
2438
873
4216
9143
1194
4259
1654
6416
1721
291
8635
3822
4377
8637
7585
4091
7635
1070
8744
9154
7652
8229
8576
6336
1594
8167
9496
9378
9827
6218
2827
5362
1918
2738
9203
4287
901
8700
545
1534
9692
2349
2402
2092
1472
4043
7161
4737
1792
6239
2462
1998
9885
5684
8008
7495
7174
808
7619
8077
1910
7493
4860
2820
4084
8548
4560
3671
9705
5034
269
9215
4546
122
9470
4356
6557
5463
5631
5394
2433
598
2000
1213
1140
2770
3688
4855
3393
4993
4660
498
6965
7261
2825
2781
6405
7733
4376
3647
9787
626
5442
2772
4088
1334
83
8140
2629
8322
5220
3458
8859
6468
2118
4143
3022
5614
5590
7058
5175
7564
9900
3815
4275
8295
4558
2993
8609
2525
6155
1147
1146
150
3429
926
3567
6036
9063
3859
6687
3843
1532
8323
1266
7461
2384
2232
912
2553
858
9179
2012
5694
2271
9962
9727
1857
4851
6300
3065
8989
842
9474
6598
4826
9981
5034
384
4329
3904
7730
8064
1724
3848
6806
3048
2367
6293
5072
4802
3129
5382
3410
3559
651
4035
1947
5126
4225
5527
3766
5146
5018
4707
7209
5627
3529
3973
8655
6312
6582
3459
3256
4574
9622
4322
8351
8814
8810
5755
3996
9549
3371
3279
8849
7889
7780
632
866
1128
569
7690
4977
6290
3600
1033
4256
6729
9934
7358
9120
5259
6114
1212
3291
650
9405
4588
2809
8321
899
650
3851
6241
9805
7956
6736
1471
7405
1104
3373
4791
8206
1498
5814
8481
1345
3940
1038
1560
7567
2637
2768
1521
1978
97
5939
3295
9286
9007
7401
5257
2553
4962
1648
6695
7718
249
7633
5740
1445
6865
7020
99
918
322
9885
9230
1776
5947
9132
5113
9120
1767
3238
9366
3705
9667
8394
2105
4898
5433
7300
13
9866
9954
4229
7308
1782
5820
2026
4607
2893
8606
1226
8409
474
2087
2837
804
9545
788
1104
299
9455
1152
473
471
3412
3371
4834
2452
3100
4308
569
1740
6012
1276
3455
5329
5345
4463
6571
2717
3252
8743
9152
8731
6346
7250
2121
6440
8817
5701
3338
3154
2858
6105
8817
5587
1986
4271
779
4104
163
4886
4312
7652
9757
9482
1142
1597
3513
9028
1291
7831
3172
1472
9154
7082
7367
3230
6566
3313
7704
8715
9430
9621
3751
6099
1308
6772
5601
8233
5137
281
824
799
559
9391
9658
6711
5639
5159
6361
466
401
1471
9564
858
7618
4949
9038
5179
1439
6261
4282
3716
9326
1403
9716
20
6367
606
5306
6683
2090
9970
3754
1632
1080
9464
1157
9986
8603
1528
4232
2510
4432
5917
871
5185
8798
5407
9664
8595
8054
5892
7881
6069
2678
2151
33
9595
5632
6062
3030
4442
6446
2576
5646
7757
9835
2831
5940
290
9780
3737
5266
7767
1310
4000
6268
8472
9000
5592
9806
9460
5305
1833
8297
2463
6993
2339
3737
1139
9809
1688
2623
6651
4999
4736
3072
3556
5556
3712
2356
2866
7518
4530
660
9824
3504
3419
2199
378
7677
9066
2770
829
754
6926
5182
6211
4999
537
4467
9597
5559
3791
8272
5344
3345
3458
2629
2472
1128
8791
167
5624
7020
5231
6358
5293
5322
2504
3810
8589
1202
8956
2393
7250
6730
4891
4716
4686
526
4699
9351
1575
979
6094
121
7538
2205
4156
1947
1810
2099
4475
3947
3325
4541
1280
4150
9075
28
5018
1913
3530
7432
4369
3262
4391
6207
8782
5961
7608
1792
7014
5226
5328
4695
5785
9673
2943
8407
1778
6674
1838
2159
4582
9671
7587
4530
8213
9315
1982
4585
6378
9862
4169
3283
3623
5456
9566
915
5120
4807
8847
6593
2489
4281
9162
2422
3055
875
3458
7535
4430
8092
421
4216
8251
8584
2490
5332
2896
9525
8115
5123
1879
1422
374
8246
2050
7903
8756
5217
3160
7586
4791
2843
2977
7835
5659
4091
1387
6014
8184
6147
5546
6473
5474
3030
3138
930
7327
2819
822
1419
5261
6580
4479
2287
9711
7189
6634
5302
9514
2065
1450
886
8455
8033
1049
4593
5169
1578
5080
7741
2342
7175
9303
1562
7636
6111
4238
2485
6407
5531
5439
4060
1804
9849
7551
82
3295
9077
4678
2018
8348
7428
6708
3134
7277
363
7235
2165
4053
1697
8658
9848
8175
8521
4994
6164
6711
6258
2940
6927
3139
5294
5436
7980
9330
734
6148
6092
3159
8946
1507
6067
2298
217
4198
7943
1625
2903
6725
6862
389
5170
6287
5697
5597
3056
6152
4747
9470
9615
7389
6124
1799
5582
6720
9706
9958
4552
1504
246
1143
1612
9872
8349
3853
4226
2822
0
6528
3694
678
5825
7901
6293
7873
1558
2983
1221
5031
1552
2198
2991
1788
3403
6874
4862
8173
4057
2003
1681
2530
462
2007
4603
5927
5153
4470
4580
841
8542
4989
9122
9160
1275
2352
4717
9829
2245
4395
4791
205
4581
6244
3923
4222
1638
5600
5174
9391
2187
2898
4734
442
7691
6075
6610
4005
1220
2960
6796
9231
1924
233
7419
8716
8101
7203
3929
5780
69
6657
507
7695
3207
9588
6402
1587
6381
8495
5449
3199
4028
6918
6297
9302
7499
1537
3715
6364
2358
2614
2512
9918
9987
6341
6560
7031
572
6210
3616
4581
9525
7524
3275
1376
6049
8016
280
2246
7796
3514
5944
8352
3703
1219
9321
5616
9620
7404
1620
4195
3141
2402
2130
9769
719
8761
3789
102
5293
859
2657
3859
2501
3351
4743
5145
4348
3738
4823
1592
4359
2900
9396
4872
2821
3862
1059
2401
9973
9065
6271
9623
4122
1757
765
3834
5426
7878
7679
7916
7743
6563
5611
489
9283
1702
2179
9688
6514
5612
2788
928
8544
2412
8797
5935
8489
6543
1443
3333
7010
9725
2472
1349
9850
3713
1186
4169
1352
6132
1327
8913
1983
3493
9425
5134
3258
7727
621
2726
6684
7683
1394
3515
3023
7442
4030
6673
243
471
1328
325
9582
9344
2126
2787
3518
8579
3017
2162
2121
9603
4891
6000
2543
9086
5507
5066
4993
472
629
4277
1820
1610
3286
4304
8800
6160
7383
2885
2480
7227
4117
7691
7007
9808
9713
6631
6260
5526
2428
4463
263
5011
2598
8001
9322
4125
6626
3904
3388
9965
5783
918
6283
1781
4473
8921
1033
29
6873
5812
9819
6312
514
1567
9154
1325
7229
5944
3320
4411
3186
9119
2869
7327
5448
2246
9724
5727
8881
8225
805
5178
6441
6228
2957
5033
8717
7994
5346
1523
6453
6458
2355
1634
2148
2540
2495
8681
7855
1127
5586
1332
2024
3947
610
3688
2114
6603
6613
1498
1259
1266
612
5448
5301
1002
4399
2171
5610
5020
8235
6737
5052
410
5322
981
9083
6131
3674
6050
5559
397
8375
4664
716
2575
9821
9079
8294
2367
3081
2512
2107
5040
4268
84
6228
1249
9590
1595
1219
7743
1451
2466
9853
4332
668
2076
2394
1396
6244
7440
6766
4250
8499
5572
2946
5048
3360
1619
1540
631
4455
7660
5203
1581
6741
1945
2829
1447
2395
3509
4442
5555
2671
2737
2043
5157
4653
3776
6803
3848
4471
8555
2459
6249
9864
8762
8623
4936
6274
8513
5875
3428
6880
1393
9123
8161
7756
4941
3682
4223
3791
1568
319
4550
4777
6209
3483
3083
9234
6657
2160
8881
4620
4284
9289
6956
6225
2543
2779
3711
2947
8358
2147
4034
1518
4685
7289
7844
6393
7269
3109
296
244
1437
6399
7047
2909
7970
6585
4212
3309
4853
5744
4167
4341
9031
653
233
9400
3
8141
5189
6170
5459
3336
1884
2196
5048
9793
924
1575
7364
598
4748
7480
1424
8111
2137
9618
8695
1691
534
4691
8875
9467
3131
6587
4205
2122
3465
4669
9640
2158
5930
6166
6852
4370
2941
4693
7001
293
7415
1327
8843
6985
9591
5699
1754
8288
6452
1481
4888
3195
4250
1987
7831
5063
7382
5025
4880
6817
5835
9782
9296
2245
1465
5000
1199
3576
4665
461
9433
8793
2986
4644
5275
3517
7585
7426
1960
2644
2096
8002
5431
577
3223
1108
6881
8950
5415
9889
7015
4614
4481
7741
8498
8417
8293
9167
3970
7201
128
2583
6233
2328
835
3053
841
8093
1960
5640
3555
5081
8440
7576
301
5171
257
1423
8183
3037
5902
3138
4786
9325
2407
5651
5157
8830
9038
2815
8548
8078
4287
5269
6088
8601
6337
8952
2256
1835
3225
4579
4700
4529
5515
9182
4942
2321
2570
582
5086
5535
3566
296
2742
6375
2469
349
3301
2883
8979
2354
9533
1055
2946
9296
8694
4553
8516
7653
8207
618
9576
6410
253
7030
6066
1333
5710
1408
1978
6924
3410
7194
2195
8979
8999
7625
9046
7802
2632
3533
5069
7471
8740
4216
7751
3511
4815
633
2004
1379
2386
2844
2153
5161
7653
2445
3725
9889
6747
4035
7856
1543
9695
1098
2875
8019
3280
5185
7396
2610
575
8960
9203
8969
5873
2917
1945
8493
2084
8935
2974
5320
2154
9004
2521
2587
7877
7627
9788
395
6337
8003
2775
6113
2446
3728
5643
9190
1358
5490
8131
5076
507
2507
6044
6965
4535
5543
6935
4710
175
2598
4095
2351
4365
8572
5098
4329
6245
3029
2085
6610
8770
2153
1875
5026
8016
7777
7686
223
2970
9004
4908
7016
389
4038
9952
2221
9523
5720
8670
8383
6682
2244
8125
3740
7487
1997
2098
8758
9355
8690
5990
3829
3480
6496
2495
9399
2650
992
2340
511
4057
4632
9840
242
8589
3620
9745
3297
4950
5265
3429
3745
5544
974
2719
5825
371
8671
2742
9516
5639
6284
7585
1530
7975
9488
5405
8820
2860
4277
59
1241
2524
7641
7865
3108
4513
2512
2162
9663
3604
2532
2984
9428
1068
1017
1526
5519
9043
6859
954
4161
8324
3163
1446
5009
3122
5328
9765
6455
6549
9190
3651
7660
4065
9336
5006
4119
4909
2720
8516
2088
6831
8666
6254
2278
8556
4439
9832
8213
3601
6123
2353
1684
246
5433
9829
7902
1143
7034
1550
8909
4942
3315
2523
1060
1318
4994
3273
4548
5429
6169
4585
3395
4022
6228
1821
7838
7726
4633
1639
7542
3522
7946
1146
8006
6306
3037
9594
5496
4255
4722
388
249
4337
3274
6667
9866
7460
1745
6951
9346
2694
1903
8652
1750
3642
8458
8703
4848
5164
3676
5514
5395
5205
9253
2387
5256
4973
5564
2657
5562
8347
5961
2562
6061
8850
5336
3984
6452
5724
9313
3640
222
8192
4352
3984
3068
8670
2889
9403
6390
251
8354
9420
388
990
9851
4248
8053
4297
115
7138
4080
11
2622
3610
2751
3104
1821
4355
1518
7088
483
4727
6914
327
8753
9455
1178
736
5137
6531
1474
924
1565
8620
1308
9704
6813
8895
1183
9413
3428
8393
8588
902
3710
7287
1121
6615
6755
9311
827
742
1024
8658
872
7389
7699
5151
5415
6908
1065
23
1393
7364
6437
2810
3613
9793
1564
5306
9867
4505
9844
9505
5753
2350
6579
3403
2666
7128
5194
9600
8927
737
4049
3999
6834
2411
6794
8470
717
3467
2750
3362
2457
3506
4940
2813
8760
7642
8563
4556
842
3264
1770
5655
3902
6256
6510
7076
26
2212
9303
6074
468
5557
6236
4064
4074
5566
144
261
6578
7072
1631
3543
2588
2212
5839
2438
3643
298
6415
3566
4796
3643
864
3099
2788
9544
429
4916
5364
9684
8855
5394
3889
7461
1091
3592
6722
4600
8099
283
8660
2230
236
2693
7826
5220
5862
526
5520
9161
9788
3241
2540
1810
2650
978
4045
7208
7520
2549
9791
4184
373
4214
9179
8673
7555
4026
5536
6550
4241
8405
1943
3671
4819
9755
2678
5721
6568
8521
9400
3154
8153
6128
5221
9301
6371
3290
2017
2597
207
1102
7288
191
8345
8556
9462
3566
6952
5759
1009
4698
7413
7941
9119
9464
5127
4786
9858
8201
986
8697
4769
4681
4493
1231
1488
3960
4192
7820
4398
3059
1870
5299
6432
2887
8819
8106
5076
7310
279
2581
2859
7720
3563
6661
883
3385
5941
2954
2212
1470
7197
4791
4767
2075
5994
6574
6633
9280
9565
2290
9976
2165
9843
6311
8530
7446
7193
1205
9491
5013
933
8935
9435
710
8711
764
3654
9154
701
8500
6857
8685
304
6548
4358
8368
9149
3111
3334
2901
8306
3228
1737
9555
654
7874
6277
4169
6430
5471
2888
3562
6951
2343
906
55
2698
324
7719
3514
666
9590
4550
4799
1049
9889
9777
1295
4916
4470
4645
9007
5321
3766
4258
8684
3226
137
6355
452
6230
6341
6195
6636
2189
4495
7574
8372
4511
8986
4156
8256
5020
503
4108
8685
715
3505
9328
9430
8757
68
9555
6688
86
5476
7039
2292
6564
6229
9251
3223
1492
7862
9759
4019
489
3588
8526
1384
5144
9776
3632
4166
2774
5217
2297
8483
2090
4940
3978
1474
4794
1135
1615
3614
4175
3990
6934
7116
6594
2142
8855
8192
7210
1565
2879
6664
2969
7719
715
3820
8224
5261
3097
3904
7313
5126
8940
8400
7766
8315
7129
1881
4501
1809
4165
8488
5769
2769
626
383
2997
6900
3977
5666
729
5077
3897
8351
7731
6834
1372
4216
7773
1926
9319
2108
4362
4304
6383
3915
6475
5274
5201
8757
4996
326
3669
4398
3663
694
856
1037
6512
7479
353
3985
1732
2059
5973
7656
7475
2886
4150
5510
6671
6987
3463
70
9087
1349
7284
2597
1854
5801
211
2933
22
6596
2648
2378
6158
9418
1133
2222
4591
3624
1161
564
1979
834
2891
9289
5378
361
3682
8632
2579
4927
7345
8297
5484
3279
274
6185
1295
7426
7967
2458
5118
9225
3576
6252
3741
2475
5078
1825
6170
9580
1521
904
6075
446
6314
3766
6635
9707
5148
4445
1317
4819
9863
4463
4859
3705
8223
8338
9813
4174
2628
9664
4081
9091
7855
4972
2361
7339
6399
156
5213
6624
1513
4241
2976
2126
2070
6804
9368
2750
3733
3984
2812
4502
2289
8408
5627
1137
2297
8224
9111
3835
5752
5339
644
9355
4962
6720
9953
6552
2347
7716
4355
5639
2332
1113
7008
3912
1093
5362
3562
5815
4610
4516
6158
619
7719
2512
3494
4403
9782
6830
8494
8251
3837
4373
377
932
4381
9376
5480
4019
1506
2385
7547
3901
9293
9588
1963
7566
4581
9121
2478
3724
5118
8550
9364
9197
7789
4641
7256
3385
2462
7330
4843
6403
3458
8366
4053
877
3091
5891
9357
197
3832
3350
9017
8128
660
2316
6396
7027
2565
9766
2315
1696
731
9126
9882
8672
1351
1138
2876
5874
686
690
763
939
3948
8278
2931
6329
430
2956
5982
8324
48
8755
2823
8
717
5761
1266
5142
8518
6663
9327
7479
5621
5343
8342
5271
1541
4581
7922
9640
8291
787
7441
8344
4202
3767
3436
3861
767
8808
281
5327
6699
892
9972
7672
4990
9807
4757
1913
2397
4644
5396
7993
5073
8595
817
7089
3383
9382
1012
9904
773
6917
2852
7990
780
6454
592
2182
9833
1085
9161
3519
2673
4698
5767
9831
4399
4973
9280
2621
9399
6802
4542
1114
8841
3549
395
186
7594
890
3279
8138
1431
127
6585
7219
9670
3412
324
6172
82
3424
6085
5917
7527
4589
2364
7697
6701
7510
338
5457
2656
2275
1577
5640
6959
8558
445
5119
1613
7941
9631
8042
559
4774
5584
4288
4632
4814
8433
6562
1121
2573
2617
5858
4440
4164
2185
5923
5846
1215
3360
2027
3685
4433
9010
3631
9912
5655
987
15
7422
2617
7787
7230
4714
1266
8624
3786
3290
5196
5869
4002
9073
408
8548
9702
170
3210
8182
9425
9221
2353
6688
6319
7666
5266
2436
6176
4827
2944
390
7086
1139
1588
5344
8804
8224
4816
3636
3202
4198
6980
4800
3193
2923
148
96
3707
138
7647
9372
4317
6191
2126
6004
7563
997
6139
4667
2453
1898
2679
2911
111
5726
55
534
9336
5712
5677
9513
3172
1459
4317
5030
6202
956
5902
7459
5930
2851
3158
4059
3235
8328
7544
7372
1232
7399
6133
8786
9752
1913
1114
1834
8278
6438
3140
588
2169
5957
6815
354
8278
7231
417
8499
3069
3061
4546
36
7147
4243
9956
8570
8692
2541
2182
4225
4848
1582
2851
9652
4753
5761
9646
609
7244
3604
1594
2904
5802
8163
4373
2732
6985
7887
4747
5061
6281
2478
8382
5641
1220
8597
8198
6368
7970
4373
8447
2711
2783
9647
9898
1808
4820
9574
9487
865
5226
8969
6041
3718
5624
7551
7898
6636
2131
4084
4356
2686
5439
6122
7292
5964
3571
889
4629
3183
95
8464
5056
9966
2785
4622
8449
8637
2805
9357
6485
6491
5941
6662
2882
4435
7298
5728
7409
6117
3683
6465
7174
1121
6098
6134
75
7909
1091
8856
3860
8111
5074
5082
7911
5931
7918
6658
6897
8775
475
3670
9062
2626
6439
1192
2338
3091
2002
1397
932
6035
3731
7085
1468
4530
4425
2657
3182
4977
6168
5279
3489
2714
5744
1516
8683
49
9541
1939
6619
4907
453
8810
6958
8392
1603
318
2946
3854
7408
5154
8165
5258
9468
870
6346
5175
461
2001
1056
4564
3719
643
1863
1231
7865
2245
2169
3101
9919
3066
916
1353
6530
9911
6694
7688
258
4158
6489
5204
2279
3271
8608
210
2756
7946
3563
6540
2054
7407
2518
1593
9167
4422
4881
9675
1455
4979
5759
2072
4297
4841
6690
7959
2795
5481
2394
4301
180
4372
7117
773
5015
5032
8519
6892
5743
9667
6084
5539
8792
5372
3520
6062
9336
2726
9563
1707
8712
5190
1823
1459
919
7406
5244
4372
5140
4580
4608
3376
6561
7624
6559
5192
3334
6487
3878
2828
1688
4451
3876
54
1987
9669
8687
3175
9232
3079
8248
5569
2043
7085
6797
9717
1235
7116
5024
7796
2379
1977
9649
8514
151
9062
1811
8989
1018
9939
9259
6486
5675
4730
9107
1300
9850
7107
4855
6146
2648
435
1126
7709
4862
9825
192
3735
4358
665
6200
8608
2470
9342
5778
2923
3342
2678
5487
679
5783
8663
8990
7923
2560
2711
9107
5272
2640
4326
4054
4217
9799
3810
1244
420
4984
1855
7736
6609
1989
7877
1726
5062
5780
6902
9816
5805
1267
9822
266
5655
7178
5382
9916
8648
1108
6699
2642
4058
8182
4286
5642
2205
4784
9527
5504
5829
1118
3088
9258
1482
1091
1046
9676
2614
7163
7736
7501
1031
5915
7125
22
5692
2080
6055
3234
3964
4956
5686
7108
6899
8918
9681
6868
3314
9784
4389
3594
6167
9292
9726
1864
6479
4039
6705
6068
1648
5169
4086
2867
7597
9893
4618
6545
1292
7949
5836
6779
5903
3721
8217
2174
8496
2587
291
6485
4377
2246
1697
7795
1632
1400
3514
5020
8077
2919
466
2516
3518
5078
8460
1323
3918
1661
6160
7163
7597
6135
5225
372
3787
9903
79
7584
54
385
9995
1259
4505
4831
1383
835
8950
1393
640
1349
8898
1496
583
3307
3664
8965
7169
189
2459
3069
4946
6334
5504
8366
4560
4261
9979
2381
7787
5901
3124
2674
1245
7392
2734
537
4021
1700
7071
1204
1123
2573
1946
2379
3655
3311
4149
4227
8007
1134
3922
6985
3771
5178
3212
1240
5654
3705
6992
673
995
4097
1200
4583
1830
8621
873
923
2571
9990
7928
5416
3208
7567
1957
1017
9435
7686
7946
6480
2476
4236
2882
3896
6400
7357
2269
7087
9816
5030
475
9931
4567
3563
3517
703
9485
4783
1531
9527
217
437
1481
1453
5451
6241
4675
1888
2366
7577
149
7837
5810
9628
857
997
675
2385
4479
3070
5475
2541
4787
1150
4227
1879
1634
5064
2637
9203
5370
2250
3663
5473
6308
8846
632
1083
3051
5508
2083
3410
3382
9968
6138
8180
9997
3753
1256
7502
9378
7164
683
9972
4178
575
3321
7518
1410
614
743
1334
8100
2590
860
5634
3096
9451
1110
1744
2200
2426
3540
3951
7570
133
209
6888
5487
8251
1615
9928
4102
5641
2225
5509
8895
3506
7241
8604
2069
413
8255
8173
2523
7387
2844
5011
1271
4299
1695
6607
4925
4201
5783
3677
3166
6582
4501
4249
7724
8159
3659
4795
6144
364
1766
8059
2974
6182
4417
8905
7888
6022
657
1264
4689
1358
1593
2339
4797
1164
9310
8083
6768
2910
5864
9272
2170
3347
2655
761
621
7801
603
466
6665
8899
8559
5924
2242
3161
5598
4239
7994
7297
2359
6953
3203
8309
4052
9390
479
3331
17
9729
8154
727
320
9079
383
11
3442
7606
9722
1179
8673
4686
4828
7670
7374
8618
958
4582
4791
3839
8960
4754
2955
217
540
2776
8500
3377
6173
6712
9673
2234
7967
4372
6561
1698
5909
8829
6234
283
8309
3990
6669
1473
3162
6051
6504
5925
1325
118
3950
7347
3754
1558
9952
4002
9867
3498
2857
9078
6458
9153
9000
1354
6589
5452
4708
2089
307
5331
2012
7214
3697
7586
1393
9660
4829
1252
1524
2958
9311
4569
5418
9965
4704
5519
8469
6865
4867
4449
2269
5065
6315
7366
2810
433
158
6158
8172
565
4833
1989
5880
8482
2418
4725
4787
26
177
2171
7819
8190
6254
6652
2143
4913
6195
2632
9966
5203
2217
4892
8622
6979
5332
3139
7191
4873
4286
9569
8253
368
4672
9779
6548
507
9798
9200
3724
3222
6662
8602
3284
1847
6049
9804
8267
357
898
6988
3648
8404
9306
4729
9909
3106
3786
3640
5254
2522
6082
9105
1284
8037
2376
5295
503
4648
1768
3296
5572
3308
9967
5468
5770
7214
3299
5301
9665
3728
8281
719
8528
8549
2536
6141
7714
9974
5359
1928
690
2287
1851
9664
2775
7297
2093
3801
2707
6195
6736
655
8779
7775
8351
6440
8862
4594
2815
2072
7470
6532
4866
7726
6873
4030
7791
6425
5695
2943
4999
3446
7376
6909
7371
771
9045
1559
170
2364
6010
3029
8593
5868
5170
3791
6022
1544
9132
9825
4418
3209
9043
1537
8617
5803
6963
725
5858
3250
3201
2445
5928
7463
8842
603
9246
3150
7512
7803
2515
4781
572
899
7241
5361
1925
4034
8297
2823
6987
7784
3137
6318
4463
364
2273
2245
2094
4634
7678
8118
71
7155
6572
6918
2117
3446
2020
6057
8334
3124
8431
7576
3608
4285
1198
9901
8243
1712
3774
1862
8427
1716
5988
3541
8976
2881
3346
7356
4009
714
744
79
1550
7627
6086
2702
4272
5660
2934
8132
2814
9261
5653
2425
7026
2389
7195
70
5791
322
5887
1539
9210
9550
8017
7741
1420
3753
7461
5510
6881
8178
3792
8935
6765
6710
3519
4034
1064
2933
1149
3182
1949
4015
485
8392
4724
9208
468
9231
3045
9944
4022
5782
90
4429
4021
1960
3847
6167
4635
1438
1619
2462
7445
1697
5098
957
1657
4259
1110
2662
8519
6011
718
9153
2657
2663
7488
8967
2086
1816
8939
2604
2497
217
838
2067
4262
6968
5030
2855
6884
241
6032
7194
3696
2950
3697
243
4493
7691
179
2161
8133
3684
3367
1671
4511
1254
873
6843
6795
138
3508
239
7354
7047
2291
5058
614
8613
9618
2090
6039
1090
8877
3131
6573
5001
7384
2956
9183
4860
6661
8732
6174
5434
4395
2764
7691
86
1891
3712
7113
5597
2162
4521
8281
8638
719
5680
2980
6307
7192
5327
3043
1682
4614
5324
9056
4213
6805
3777
8225
6475
6561
5524
1863
6474
4139
568
7081
164
12
6983
3452
4977
1960
3301
2468
8842
2384
4918
1823
6321
2767
3019
4222
5629
9068
3140
4416
3304
9489
8817
3750
5442
737
2092
190
1959
4284
9572
1734
1860
7438
2898
8809
2724
464
3163
7172
5291
391
2309
827
820
8023
2053
8907
9661
3349
7107
5183
4953
3039
8461
7820
8526
2436
4528
5612
5803
6966
5499
2321
2738
6634
6898
2727
778
8369
6543
4872
530
232
1184
1337
9571
9174
1542
5240
4098
8134
8105
8552
1822
8550
2906
5582
8519
1551
2953
9191
1211
5536
9949
6191
9609
2241
7761
1462
6606
3828
2537
1332
6346
2818
9885
2723
4691
261
5115
7520
5402
5415
4027
6229
5864
604
7118
7634
1206
5024
761
3091
2208
7640
5002
5198
6514
6147
5880
260
833
6575
1836
2349
4734
7640
2161
9828
7650
4332
227
1735
5004
6519
1339
8366
9698
5404
825
4758
1712
9687
4475
7822
5215
17
7661
8274
920
1685
1137
8378
7292
2614
4614
3412
898
8557
4414
5707
140
8008
3618
8051
478
7953
8386
1653
4688
9724
2635
1968
9172
5441
2034
1488
6607
6688
1031
8322
9009
4220
5287
5801
7041
3639
8509
4458
2536
3892
2593
2542
2283
457
1353
1234
8424
49
1644
3457
2833
3944
4955
1740
7666
520
2461
411
5621
7030
5896
1328
4301
1687
104
8284
8214
5235
6162
6793
1897
8107
814
4963
4514
6045
2402
6189
7415
320
3835
9650
1257
7885
8589
6450
7274
2674
4651
2354
1333
1930
9046
3809
4438
253
2684
7150
5171
5438
9417
9812
4080
213
823
2288
2594
4467
4245
9406
5662
7907
6143
7931
156
937
5736
1480
6818
2475
7542
4072
5414
5995
6828
3412
36
7810
5426
9710
9945
4864
1610
4927
5151
11
7378
6107
5608
5571
5034
1288
1857
5984
3843
5951
228
5506
9006
1050
6783
5745
5357
997
1224
5197
334
2899
8331
5512
4554
3300
9152
7050
1902
8058
4556
4626
8602
7726
50
3788
4993
7699
7444
5392
9505
5553
1128
8236
2034
7421
3736
3608
6709
279
1368
4644
6446
7573
3459
4668
2890
389
9437
9117
8882
688
9824
5385
1647
4815
561
1773
1040
3074
825
1773
8900
4839
2150
9998
3279
5265
2205
5501
3261
4516
3317
7277
1470
6211
5273
3562
1416
7104
5993
1901
433
2468
802
7557
649
9101
1795
5895
861
5960
7169
8206
5362
1450
442
2326
2485
1195
4410
733
6844
6792
2407
3033
6504
5303
3992
8835
1471
2263
5612
6174
987
7118
7440
4248
4615
4446
2179
437
520
4601
5910
9091
4155
3856
492
172
8894
1705
77
5789
4307
3543
3676
6337
3185
458
6714
248
5053
4285
2351
4285
8330
9495
366
7280
3981
748
7463
8210
8171
4156
7988
9636
1741
5933
6072
3391
3179
9041
3138
3487
8991
6395
2534
2569
492
8605
2977
2623
2710
9460
389
1710
3279
2997
1551
1254
3534
1929
26
6601
5277
3814
5299
2357
2510
2700
3978
6763
2326
7146
7028
7935
2294
9442
2303
1484
9954
2059
3431
5857
4923
6978
9923
6875
2994
2606
7569
5965
2398
7467
1212
8054
959
6485
6278
8069
8700
5106
3334
8813
9105
6989
1753
8922
513
7052
3939
7203
6870
755
8881
9730
6766
7146
2572
2900
658
2746
8167
1556
7020
616
7517
7026
2191
7807
4802
7348
9519
5484
8351
4241
9115
5774
1124
725
5450
7607
1840
5897
3974
3868
5115
4751
1009
8680
9154
8157
5140
9961
8169
5312
3131
8589
1688
6811
1334
807
1343
831
3584
3922
4351
7530
6537
6465
2996
5630
8129
8485
2737
221
6200
4925
5760
4462
3939
6186
8043
4156
7192
8279
9422
5145
6596
7126
4784
1627
5398
4416
8777
3791
4326
424
9942
8915
3979
9009
3650
951
5692
5849
6409
2298
3457
8876
6204
745
5821
4098
3096
6878
7089
445
1265
8317
9219
6212
6308
9336
5157
3889
9346
2329
2619
9456
4121
166
8450
9714
5845
4345
8068
9280
5730
1399
3468
1974
9034
8804
2876
7991
2967
601
1259
2409
4123
3086
8240
7588
4509
5597
9721
1209
6856
4159
5535
7036
3465
4838
2688
4058
8825
1857
4422
3416
9195
2267
3162
9716
5765
1526
3920
5329
293
4870
4691
1168
7664
9136
8014
7250
9997
2164
418
6525
8864
5329
8744
9481
8369
3309
8882
2073
343
967
6934
9864
5581
4625
3371
2700
8645
145
6352
969
7045
3003
5399
6358
3728
3073
5892
7560
4430
3795
8983
7538
3253
6713
6390
791
354
5165
5521
8198
879
5954
3853
4888
2699
2062
7309
3433
6391
4837
1518
5133
4555
3061
1556
6648
2165
1741
7
8494
4540
4001
9916
9622
2966
8615
1988
9056
8332
7522
6756
7311
2980
1269
7291
7224
3523
627
973
2938
4053
4516
373
529
2793
94
2909
2405
4784
5818
6601
3484
4488
8977
8987
9734
8493
3507
8275
2010
1894
5588
8640
9513
4525
4006
8866
6746
5972
1158
5735
2508
8135
2329
3267
6582
379
2062
2453
1566
1213
4142
8229
5185
1475
5815
5259
2987
5792
5353
9186
3516
9672
8050
3673
1019
7496
7904
7958
1514
4728
6010
9130
6994
5893
56
6515
2125
9749
247
194
2167
8023
2686
908
5973
4664
119
5745
149
7152
3348
6816
1628
7903
2845
2272
1803
7313
5089
5694
2264
8011
753
2715
1012
1419
4696
7458
3537
3874
2455
90
7530
6065
3686
6276
5475
2111
3717
7453
2046
8950
2680
4510
3827
6000
1107
4625
2726
3397
17
1310
8736
5211
8248
2246
2560
5139
3619
9947
6386
3828
1000
2064
7017
2382
7308
1029
9534
176
1163
6658
9816
9403
1002
3634
1425
7620
8801
209
1549
7534
2765
3385
5361
8398
490
9674
9813
5678
325
261
3428
1367
2887
3388
6848
437
2486
2862
951
4244
7985
4708
4949
2766
3818
4236
1323
1841
5975
4229
2828
6913
1458
7559
2959
5625
3761
495
7292
4456
1631
4126
6603
3813
7117
5649
6659
8224
8936
1265
9879
9196
8352
4643
7335
6278
1217
695
5057
3811
1918
9539
224
5144
5266
93
9742
1740
4391
8191
9721
1377
9249
2182
6683
8726
3412
8277
862
4804
5706
1798
5302
9284
4707
5232
604
974
2483
2452
1216
975
3477
5523
608
8491
1186
7666
1472
437
351
2162
4428
7608
1432
449
8274
5915
5116
410
5693
6831
2307
6195
6752
2123
9942
4319
8241
2460
747
4862
292
418
9787
6489
2665
2391
976
3171
9337
6228
4027
7189
7251
5712
3359
8177
4688
6902
8302
990
17
3065
9003
3480
2797
5523
8378
1164
6415
5268
7716
2601
2294
8819
5839
3233
1218
139
4700
6936
6149
7278
1256
6862
2494
7016
5151
5324
3662
5622
7118
4075
7015
3236
6973
8896
4323
4643
8838
6130
7116
6052
9564
3555
2930
5138
2688
6504
4644
8968
8650
4513
5817
8615
480
6004
4342
3471
691
4887
9219
4913
3862
9360
3125
2463
9071
6219
4990
673
6215
2603
5737
2217
6661
4148
9866
696
5203
6134
2342
298
4307
4637
4399
1158
9442
4036
1635
7188
6900
7067
3363
7974
6402
2530
8948
5246
9242
3893
1560
7411
3828
9861
3621
6642
919
5178
952
5185
4630
3899
9240
7691
3326
5397
1350
5619
7767
9449
7992
8405
8772
7038
5397
2427
5458
2256
3433
7267
1252
6743
1016
7355
9908
4454
4400
1999
4194
7265
1741
1895
4240
9436
6363
111
147
2261
1154
8873
9830
379
988
6473
3476
5342
3596
1779
6466
4869
2697
8847
6262
8002
5366
1910
8168
2398
1646
8882
1517
257
9841
4569
0
3203
5568
259
2850
9772
9187
4359
8148
4213
6860
3859
5508
2914
6913
5438
631
5670
4931
4954
551
3220
1733
7869
1496
2329
7796
8044
5962
1244
1996
5728
2705
2758
9267
8962
4098
9587
71
2716
8353
7165
2984
5623
6479
2014
2843
4684
6373
2473
2407
2767
7880
6450
1955
8683
6017
6316
7614
1987
9675
6304
3599
9691
5405
1354
9919
8844
4195
6197
1679
1056
3767
5053
2986
7981
8869
4404
1861
3750
5904
8499
1964
2389
5290
4290
4155
9249
5872
7604
9916
1061
18
4945
6880
3505
7155
9410
5259
3990
9840
2337
8115
4380
9733
8321
7829
8223
6343
9680
7701
9471
7600
4864
3524
8107
3432
6261
3390
2576
9231
6212
231
409
5533
2246
657
9420
5133
3069
6997
2282
7064
7634
1025
9496
945
6021
8528
9961
1579
8972
7981
2227
293
4309
287
1945
7338
6808
355
9864
2505
8707
25
4156
4062
165
9589
5705
9227
3876
7847
1482
6060
7661
343
8160
1150
3838
5504
358
7100
8435
4394
3096
7596
6260
4543
9609
2329
3343
1538
7659
5930
6218
1884
4681
3803
9678
8758
3214
9168
2340
8064
9062
6592
8457
9728
6184
4848
5631
4676
1813
7658
9070
3156
7332
4492
1351
21
7624
4123
5985
1671
2274
6639
5285
6745
2732
8545
785
3299
5522
7465
2373
6927
191
7542
7816
6554
4114
2234
2684
3948
3406
1820
2391
7396
3473
6474
3916
7417
5186
4499
3106
1520
9488
2899
6118
2448
5217
3682
1442
4521
1821
1256
935
4709
874
2804
8671
4408
3633
6576
4339
5051
1024
7253
4438
1555
2129
1814
9012
525
3311
6615
5063
2599
636
3782
3314
5782
294
9897
6841
3507
2204
5755
5818
5741
1121
3936
743
4263
6987
6645
690
9557
9759
4480
4029
9134
290
771
685
4540
2006
191
6715
2458
1859
2905
2667
6061
8606
5522
2886
4586
4744
1881
1878
5545
783
9328
1269
7042
3767
2078
4612
5211
6362
3781
3011
1549
8494
3237
9362
4353
3875
5424
1549
6392
1716
4838
5956
3343
3988
6760
5325
5924
1098
3581
1022
3687
7051
5717
6853
3943
5055
8556
3082
6298
6229
8595
8223
5901
3393
7252
5249
3768
552
5983
4458
8353
7106
9973
9396
8615
2370
3073
1707
568
5906
1883
8204
5968
5146
870
5743
6782
2794
2915
9657
5107
4116
838
3144
9868
878
2470
6906
2121
9620
6201
2092
1469
3751
362
4640
784
7223
3553
2582
3699
6817
5754
92
9239
4802
8238
448
635
4172
6529
1914
7922
1500
3703
5438
2452
8878
2532
2888
2439
4396
2913
9136
3166
3198
9820
6189
6685
6924
801
8085
4228
271
8978
3549
7446
2764
712
173
649
9528
8002
4680
83
2661
1987
8665
598
7937
5867
5509
6532
2216
2494
9010
3873
6147
5784
8951
7538
1988
9290
7732
5043
5322
8371
5103
2591
1193
3910
3234
9963
3396
7208
3493
8107
247
652
1460
1847
3659
4231
4200
6878
6699
9380
4894
1344
1666
159
7222
9036
8219
4823
9528
3992
8333
6091
9945
6478
7626
3772
5118
2238
8683
5013
123
8755
8400
8153
666
6109
7792
3230
8703
7664
7628
1727
483
9337
338
1155
8804
1925
5982
9267
3962
5085
6441
447
6845
8279
6056
4852
8279
1300
8642
731
7411
458
3879
3061
1200
2197
6514
3419
5886
4032
2365
4012
8240
2238
5524
122
2048
8929
8500
431
2059
6145
3908
2125
7316
3509
7250
7712
7665
4324
5659
4875
7022
7609
4275
5473
4848
2577
3769
8813
7872
3219
3067
5722
5016
2257
133
279
4655
9461
4005
1829
3141
1330
237
6248
8896
2440
1585
8846
1691
5560
9782
8688
7140
9210
4220
1791
4693
7427
3465
4203
545
9755
8358
5025
3546
6205
9660
7576
4265
7983
3067
1753
8594
8359
5770
1691
7783
9195
7102
4349
786
5603
7843
4126
8553
4277
5490
3051
2373
6515
5201
7726
719
9731
854
1705
9817
8911
3906
9804
4748
7434
9786
748
2642
5074
5058
1150
7300
6231
3299
5260
9762
1739
7706
6556
2684
5993
7877
4760
2338
2649
3955
5251
1977
8956
4400
7057
4918
2110
7524
2345
9494
5494
5335
5295
9584
8350
870
4824
4083
4062
6726
6760
4436
4609
2058
9041
3376
8502
6065
323
3567
1894
2312
2321
4941
399
4585
8075
3480
8425
11
7073
4612
507
2414
8021
37
6884
2991
2620
4856
3838
1640
4951
8769
4746
216
3332
1500
1572
3197
4205
1838
4736
721
1356
1774
6494
1835
7240
5024
9114
9053
6898
7166
8154
7348
9260
5116
4611
1455
7856
6737
5540
215
246
2036
938
9872
7236
4014
830
1650
1775
4420
8114
9754
661
3619
6076
4867
7952
5266
7810
3239
8827
4177
8881
9640
4919
3582
3681
6054
2964
5237
7284
3588
7142
5204
2621
2055
8813
2172
9802
7462
716
3369
4561
3767
1850
4812
5328
6713
124
7294
1739
2004
3022
775
4546
6063
5034
6825
7465
8049
1913
4954
2044
2695
2189
3574
7549
3081
6022
6937
5489
1211
4488
2735
1422
3441
4934
8606
6759
2923
303
2119
47
3360
7188
4420
7876
6640
2989
4714
1978
490
9682
1495
1986
1047
9919
654
8994
4549
5386
8781
1892
9097
1331
1616
360
7591
4925
9306
9531
3011
4364
4996
3921
1294
9902
1833
4852
1500
1679
2711
1524
2606
828
8438
6336
4670
4930
4913
8590
115
9781
8634
6910
7477
8777
4086
6501
3311
1247
3466
9783
3463
678
6824
4582
9035
776
2823
8037
1653
6369
3760
3500
4678
831
3712
3522
795
4060
1904
6642
3299
3777
2231
1500
1713
4407
4877
5328
9273
8562
8186
1760
4981
9723
7607
5560
3246
6858
2968
6343
4940
3408
920
1118
653
8813
7576
7928
5097
2484
7772
3312
5537
5027
965
5311
4999
6390
9698
315
7465
9883
3260
3927
9122
5800
9625
3233
4259
2264
4795
949
4345
3027
5337
2616
4791
2215
8589
6165
3354
7639
7363
4068
5464
7606
2224
1083
3947
2273
873
3032
5856
8061
6156
3334
5611
171
2643
9658
9321
9928
7972
8761
1546
4217
1133
4637
3474
5873
1523
4734
4277
5529
7826
3673
1019
4396
4251
858
422
744
8642
6179
980
9330
7223
2701
7838
6647
3894
485
7236
2406
8574
5012
9026
2713
3881
5020
3108
4163
350
6416
1867
3096
834
3860
970
2712
9833
3714
4452
4341
9060
4083
55
1508
8842
4155
165
7091
7882
7603
1778
5359
2202
9552
6503
2739
5463
3610
5587
4118
3614
8293
2754
8528
6958
3689
3800
2540
2639
9204
8921
4651
768
5240
8904
7690
891
3957
9747
7909
9145
6854
8342
6556
4405
7963
4246
5242
2311
4501
4711
216
783
5307
8309
9692
1756
8454
3255
8218
8756
9384
9344
391
8941
8577
2260
9149
9283
6862
8444
7611
6822
2133
8793
1079
8955
6044
16
7696
3196
2488
2074
4322
7121
7735
6024
9448
3912
4363
8774
9125
691
3548
8703
1976
7397
8671
9489
9721
187
1981
6340
5665
6354
185
6199
3918
4391
4691
5485
1120
744
7957
3600
6610
1576
657
5279
750
6268
5336
6759
4668
9273
9328
5920
4497
237
30
2039
7031
2029
4350
4742
2643
1285
681
4240
4967
6317
7083
1974
9528
7515
2398
4711
4929
55
682
4159
5329
4474
4415
1890
510
4858
1010
5948
9317
2999
4784
2468
5841
4661
4154
432
9295
3289
4688
8635
407
4361
3060
2557
4609
7915
4889
7912
4261
3586
869
5076
9100
933
5886
804
5737
4531
9251
1668
9029
2839
107
7479
4747
2511
5912
1957
853
2606
5903
712
443
4703
6875
4287
9344
6884
1229
2865
425
1200
7382
262
1994
9660
4208
949
7787
7720
7638
190
6583
9175
2810
4240
8859
9615
2948
186
4580
2356
8148
5337
7706
205
72
8248
6130
1063
862
8017
2026
6089
363
8992
9675
3516
3811
4670
7475
2343
1146
4547
2653
2058
6198
9662
4170
7702
7647
7767
602
6651
8746
6136
840
4300
27
1651
2045
2523
214
7203
3114
3340
3008
2603
4471
1198
2582
2087
1227
2634
3200
8616
7798
1770
41
2408
6013
8844
9162
772
5857
4235
8179
5227
9980
7214
6041
7148
2114
3033
7046
1537
1116
216
7003
9414
6984
7006
5733
5848
8000
5051
2924
406
4354
2171
8837
9136
6091
440
7320
8874
7917
9961
8601
6603
7443
9471
7208
971
8222
3842
4176
7817
1465
7988
3261
4225
7757
6850
7010
4355
5665
7040
2226
8800
6164
9099
9651
6303
27
3488
6189
7289
6807
9039
836
3283
6497
3705
5988
4961
6350
6375
9623
8208
4992
5543
4992
7581
5863
1931
2642
5516
5369
2003
141
5297
7855
6763
3792
4610
3446
8802
5566
4313
8418
3199
7597
2850
4740
5963
869
5376
2022
5257
2806
5295
8131
3794
4605
867
9807
2374
4291
2016
3063
3226
1193
9419
406
7791
9228
607
926
1529
1218
4225
6304
7172
6628
5746
6345
2294
7167
3107
6574
8575
5159
8761
8751
7048
2941
625
1871
7668
8358
8164
9202
1879
6318
9189
4761
9962
3449
7652
5487
1271
4619
9436
2567
8759
8650
3040
5742
7044
6872
5570
6078
8581
1476
1498
3668
4078
1470
1013
2797
8611
8749
6074
6395
7604
2804
9078
7196
7342
2570
2040
1087
5809
9731
9644
9504
9407
4896
1268
2390
4404
9378
3382
3292
9205
4467
8519
829
8344
1318
4519
5787
5395
3180
2708
7709
8879
4066
3680
4721
2266
366
1900
6144
7086
9635
2852
4866
7781
9645
5598
9878
3096
5313
3129
403
2781
6727
2234
5658
1330
6558
3622
2782
9110
7535
9083
4996
1914
1191
5122
3326
1826
4017
7378
8542
7427
696
8064
4472
32
6919
1746
7251
5205
7147
2557
5427
321
416
432
628
5305
713
2179
9518
2859
61
8746
3706
2871
3248
828
6223
4584
8243
4368
9972
8120
831
281
7278
4444
7576
8250
5642
9166
7799
8344
2839
7759
4017
5123
6428
1879
6549
6636
5179
7310
792
5755
9841
8513
9502
4465
8631
2606
4586
8781
8601
4281
4697
39
2612
9458
5631
622
5599
6157
308
8923
1319
2995
8224
3331
1803
875
3790
7992
2439
1185
2056
8863
851
9415
1541
9335
8219
8230
592
500
9451
7413
4324
8215
7027
5147
5644
2901
6550
8575
4202
3537
8952
6747
1734
8446
5390
5468
3619
1578
6848
5188
9168
9207
3307
6254
9314
5440
9714
426
3212
3902
4114
692
901
3914
1826
1921
9642
2041
6649
2967
7362
3230
6267
2687
669
5067
2106
5384
5979
9611
491
1288
9689
8581
9691
1721
5466
9356
7780
3365
26
449
1049
4250
983
5085
1326
7475
4161
3416
1696
944
978
440
302
1353
4157
4345
3871
8755
441
1584
7362
11
92
9984
2209
1823
94
36
3372
9849
3647
7473
5674
1038
8317
7340
1328
4318
5219
2721
7716
3304
1526
8157
1900
9467
7164
199
1044
5678
5764
4375
9404
1994
8540
8485
515
4666
3209
7391
5013
6273
1348
7117
230
7335
3088
393
4724
8833
8634
8179
2002
6256
785
4425
6646
2222
635
7414
7000
3132
6192
9021
638
5534
3515
517
8929
4326
6432
9059
8036
3856
9415
9376
1194
8351
9618
3104
910
922
368
8859
9955
2091
5741
3769
8861
8009
2038
6998
7376
1909
8868
9432
603
3308
8858
5616
2808
5933
1273
2829
6764
9415
7172
5086
963
4516
7002
955
5963
1717
8048
9275
3252
410
5823
3031
9888
2076
4067
1038
3211
6574
4503
5514
8150
4834
3293
9310
1993
7370
1367
7050
2909
208
816
6520
3018
8086
9879
5815
1715
6069
1500
2792
97
7799
5694
1595
7426
9043
575
4902
5797
4556
5064
1370
8934
8157
3492
8321
9405
289
5675
6165
7352
2212
3823
8180
1746
2670
4251
6310
5752
3407
1346
4840
560
3782
1593
7666
6913
9138
4036
5050
9454
35
6310
9910
6164
7567
3644
1782
3825
9034
6114
7448
9300
6752
6801
4138
9343
9605
3180
9011
9413
2464
6347
5506
4378
9053
552
6238
3298
1444
6872
3287
5705
7889
3203
6747
345
6602
5626
6093
7851
666
3042
5074
5378
5726
5946
8952
7822
5652
8404
6630
2852
1726
4425
2958
8722
3765
121
9505
8971
4118
7222
7577
8014
6667
9682
5175
1456
4574
1346
7309
675
741
243
1054
6039
8888
3751
2796
3610
6018
2814
846
1450
8308
2869
7711
7916
309
6295
203
8698
7093
2427
2004
2754
6627
1753
1429
2982
9600
358
9888
9848
6725
5222
9475
9296
4367
2705
5556
6093
5522
3760
6135
104
3315
4306
6716
7858
2503
3554
2329
8305
4084
3021
7428
1070
1759
8690
8795
2697
7596
6177
8051
1046
6805
4966
132
9268
8419
2522
681
2541
3626
8953
2362
8831
5800
3071
3250
8915
2663
2516
3630
5433
6139
1216
5699
1717
3064
4175
757
9701
9727
4297
4452
8419
1653
1187
5767
9635
7304
7670
1605
1115
4457
1749
138
7101
2229
4408
8780
5457
3533
1463
8904
6767
5304
8141
9176
3295
6504
684
1335
3979
9000
4158
7204
857
3685
8937
638
6898
269
8387
6075
5322
6152
9033
1562
2630
4823
670
2981
6578
6486
7439
5347
8744
8716
2515
7823
2107
5526
2654
4599
6839
5683
2872
520
9324
933
9249
7532
4113
5319
3374
2779
566
184
4747
1360
3885
9185
4541
8884
2297
9485
4305
1685
8361
2685
4866
9451
5385
7919
4737
2424
7851
4894
2400
9764
8388
8988
313
826
2106
6270
8053
4304
5457
6681
2561
6179
7900
454
3691
5006
8426
1593
7886
3312
9535
3919
2879
6146
1371
4580
8780
5079
8203
2322
9370
2226
8974
2478
2727
7439
8317
2569
2068
4078
7776
3289
7841
6769
235
1635
913
9328
1161
3941
2881
8502
8320
6629
7921
3999
4382
8921
293
9658
6715
6652
4314
4431
2723
8342
627
9894
5564
7077
7126
5315
6520
3900
8399
2670
2984
5409
8400
5074
7989
8320
4701
5040
7582
2184
7911
1687
4628
6348
1061
9800
6967
4361
8779
584
2307
6124
9804
4712
8662
4361
4577
6450
8205
8686
6969
2786
7879
9917
8447
851
4480
5270
5500
6305
773
3623
7247
4903
7113
2674
5467
9802
3340
7633
8354
1979
2484
5156
8120
6167
4508
5465
2704
3173
4755
4652
3633
1757
4141
1786
5067
958
6341
928
5378
3923
6182
5147
983
4678
4600
1781
1935
2464
5602
229
7988
9796
9011
6388
5333
3574
6143
5419
6544
7237
8417
1778
1147
1698
7824
4183
675
9979
8301
2567
5103
6483
6616
9066
431
1220
9683
6688
8729
731
7423
721
4954
5877
2583
1760
2613
9176
3919
2999
146
9760
7358
154
5477
1501
8779
1508
6513
9271
3341
8085
997
3863
6498
3002
6328
3252
1563
6354
5528
340
1147
2941
3253
8152
8199
907
8821
8258
5928
8037
8257
88
3524
8750
5154
8584
5089
1817
1300
771
1429
8566
5757
451
4673
6147
7662
5294
8822
1238
9982
6572
2628
842
8371
1828
8893
650
3089
1503
7532
2453
8415
4742
4857
6313
7338
7638
7120
5544
3328
4526
8607
1922
5614
5255
1230
4692
7107
8382
6663
8066
1728
8694
3051
2532
9434
8263
1362
5996
3895
5855
9221
4418
49
8349
2556
5217
1824
2026
3204
4203
9251
585
2556
6016
4603
3769
9783
9030
974
4073
1871
1257
7486
933
5765
3992
8662
5466
2938
4278
7063
6175
9965
5103
9185
698
7422
5931
9140
8186
359
197
3991
7021
3910
4384
4127
3766
984
9113
3338
2861
7892
1239
2324
7252
9442
5085
4424
962
8028
1396
9944
8889
4995
4167
6120
4361
6264
8268
5300
5342
6448
7533
8892
8885
2439
3478
8453
2534
4942
4050
899
8813
7889
290
552
4323
3732
7838
2303
5841
6087
6761
6953
5974
4288
6158
2341
2773
8983
7607
5298
5904
2994
9359
2600
6252
1102
8275
2934
4306
4482
5606
9179
1576
9443
86
4890
60
9912
503
141
5645
7310
3716
9358
2352
1821
2545
6963
3302
3633
6419
9041
675
644
172
8860
2026
4889
465
2638
7860
4291
109
9260
6043
289
8614
7860
7101
4946
6483
9186
3859
2056
8550
4752
3599
9441
2113
7794
2380
7310
2921
6418
8562
5218
7389
7623
8202
6989
7307
5942
2512
2845
7463
8490
4407
8114
6235
6994
7362
2564
1486
5269
4
3150
4247
5955
8349
1563
5031
5624
4576
2912
1409
7287
2615
5682
8253
406
9492
7856
1030
6937
1757
4039
3872
7806
6727
3487
3292
9289
5868
7010
8869
5309
6538
9759
9365
2587
1282
5692
8044
1194
739
2973
7439
8241
7526
339
4630
6109
3327
2160
1462
9499
3575
3934
6620
4530
9808
9384
6001
6736
5868
9631
6614
3852
8175
1836
357
7472
1689
8595
2678
4847
5765
5564
7340
7220
5106
7880
3142
4655
1601
7921
4041
3747
6254
1410
909
7873
891
9606
3570
6331
8575
141
4208
1907
4313
6750
8877
2614
1521
3861
2202
3193
5260
7663
3351
3016
4322
1490
2002
9616
8536
6379
7393
7485
5057
1734
3490
8808
3726
1029
9210
456
983
7416
9043
8489
9748
8296
5746
9462
2696
5430
6413
7518
4684
7724
6292
8166
7146
1885
5068
8540
5078
8473
232
962
7715
8399
2514
1177
7288
9396
3275
1200
8197
1253
2043
4540
5265
5643
2924
9587
2646
5282
9400
9704
9325
9625
4412
384
2318
2358
588
5728
9360
9072
1089
6103
9470
7997
5178
5784
4590
6807
1527
7422
2656
8367
5068
4012
4038
736
3998
3899
1421
2025
6466
8553
8566
8901
3720
2631
1600
4421
3615
3555
2282
3237
4207
8425
8770
1096
6994
5823
2072
4438
7452
9878
5795
5967
8581
7512
9357
8160
2379
390
4651
6948
3188
8012
7375
5212
942
7753
939
266
8229
5527
2229
4192
1968
352
4955
6336
5995
4004
3259
3583
8067
9787
1135
2113
7079
5722
696
1366
6606
7599
8905
9640
8865
5370
7074
4273
4136
2698
9154
6272
3541
936
2962
2519
688
3943
2328
865
5955
5635
3216
3516
3986
9111
7953
8696
9100
719
5073
253
5421
1592
5162
7778
5523
4522
5662
5421
8918
4445
6922
9132
9170
6962
7514
2822
312
4397
6316
1474
9759
8589
8109
5119
6597
4080
3856
5432
3726
7759
5016
9986
5604
2983
2228
1450
1519
5272
2020
9309
1509
9688
9624
8461
3724
2359
4096
883
6421
4767
3764
6625
7923
2828
1554
5008
7686
720
1427
6399
7665
9240
4728
9410
4784
5970
8033
5578
3771
3861
4956
6664
8429
6082
186
7625
2145
2993
8713
4884
9313
7525
462
3124
864
6139
8479
9061
2454
722
8931
6725
2880
1102
4145
2029
1125
8947
5499
1619
1479
1205
4623
9160
9921
4206
7148
5014
3063
5782
1019
9684
6246
2376
8839
6212
7500
2638
7345
8815
41
7162
750
8024
5861
6392
7168
9833
3754
1506
8751
2771
746
1067
7926
6979
5671
6999
8723
3813
4577
2772
9316
1946
3069
3476
3663
4343
3161
5258
7789
5436
5601
7025
6375
9418
2210
9146
8117
8771
7752
242
5130
9961
3505
8340
7750
1728
9016
5858
9828
1385
217
9391
3492
2813
752
6827
1724
7493
3165
2673
8543
2972
2150
1914
2151
2006
832
5237
232
2781
2418
4219
687
6394
1915
627
4913
9764
1373
2096
1306
4888
3741
6871
7468
3037
7556
8353
7830
4735
1505
1218
7270
3760
5746
6999
4354
2957
5181
9180
546
7667
4942
1504
1014
1975
218
166
2033
9098
4777
3439
4640
8499
6716
6673
2356
1590
9955
6010
4402
9439
2301
1617
5472
5029
8560
5294
4860
7454
5337
6193
7250
5726
6628
6045
4312
5245
3228
4610
8924
5719
7799
7902
6890
9218
6601
5276
2206
711
7979
4455
871
9189
501
1333
4332
2889
4776
2793
7879
8832
1746
9790
6885
6710
5665
2574
3435
3814
9120
818
7396
6069
9874
98
8199
9084
3599
3573
311
3162
1739
6295
1378
291
1748
3022
900
6663
7461
1362
3585
8127
6004
3253
560
6555
8461
180
7087
1660
3732
7251
5236
9146
2264
9292
1674
7421
4508
3216
3356
2492
1796
8856
7557
1234
4992
583
4338
9833
6106
395
2454
5118
2200
2834
3366
4258
165
6845
4304
9347
6660
2722
1787
6261
3413
3137
2815
1607
3626
7302
8890
9372
3220
2773
4465
871
3662
8265
1071
3439
8863
6264
5072
5849
7994
3767
956
50
3861
7384
2214
540
6589
4492
4244
1067
1618
3177
4561
9618
9134
3626
5431
8802
3718
2916
6378
4780
8120
87
1317
2194
6712
8096
6829
1062
1711
1752
4077
9353
7122
1662
5420
2616
4699
7507
6845
9762
9330
2044
8100
984
737
4199
7320
1926
8306
3072
3125
1063
876
305
3317
2162
4039
1517
1454
5077
6705
5224
3081
6002
8593
9966
3866
4693
1447
8928
4644
2186
1364
7835
7103
4853
6370
5119
4137
9233
8733
8835
913
3600
3504
9078
9947
3439
4195
5728
4411
283
5108
2391
5976
8378
5257
8210
4987
3239
9520
9520
7367
8716
573
5000
9896
6142
6565
6361
9651
3971
6724
2073
3359
8476
4258
427
2057
4828
8031
7656
3190
8433
4049
7966
1779
7387
2789
8141
5106
2291
2043
4200
4093
1472
9512
1893
9949
3847
2574
8516
3176
6484
3600
5975
9561
2645
2004
4098
2190
3447
2349
8591
215
8526
936
2048
925
2742
5993
7549
7470
4722
508
4880
5370
3541
4811
2789
8147
1128
3236
4591
2045
715
6189
3317
380
240
5126
7945
1219
7897
3072
2571
3331
2163
4221
1076
6331
502
4644
3748
4949
3106
1903
2341
8620
2396
6515
4339
3113
8535
3353
7552
1674
880
3610
5151
7038
5852
6963
272
1477
1797
5398
275
2857
7058
2719
6701
6501
6875
9106
3942
734
3681
2672
3199
7505
6255
7759
1515
4988
1771
4759
3205
4791
9675
2716
6065
5711
4205
9128
973
7928
6030
8139
1984
5473
4120
5675
4525
4807
5402
1122
1285
7273
5068
2775
1163
8979
9623
384
6899
9423
1828
6033
4273
1454
9500
3220
1657
1185
5720
7935
1662
745
9024
8561
1676
822
7161
1837
2874
